0.3187839910303577	24802999.99999999
0.3232142571564017	24940000.0
0.3277060924280108	25082999.999999996
0.3322603524957438	25223000.000000004
0.3368779049014704	25365000.0
0.3415596292436303	25511000.0
0.3463064173447873	25658000.000000004
0.3511191734215131	25805000.0
0.355998814256632	25957999.999999996
0.3609462693738585	26107999.999999996
0.3659624812148626	26262000.0
0.3710484053187955	26418000.0
0.3762050105043112	26577000.0
0.381433279054116	26737000.0
0.3867342069020845	26897000.0
0.3921088038229747	27061000.0
0.3975580936247802	27227000.0
0.403083114343756	27396000.0
0.4086849184421538	27566000.000000007
0.4143645730087062	27736000.0
0.420123159961896	27910000.0
0.4259617762560516	28084999.999999993
0.4318815340903056	28264999.99999999
0.4378835611204586	28447000.0
0.4439690006737853	28628000.0
0.4501390119668286	28813000.0
0.4563947703262178	28999999.999999993
0.4627374674125573	29190000.0
0.4691683114474261	29380000.0
0.4756885274435327	29574000.0
0.482299357438067	29771000.0
0.4890020607292973	29970000.0
0.4957979141164533	30172000.0
0.5026882121429445	30377000.0
0.5096742673429575	30582000.0
0.5167574104914816	30791000.0
0.5239389908578075	31003000.0
0.5312203764625508	31217000.0
0.5386029543382457	31433999.999999993
0.5460881307935613	31654000.0
0.5536773316811902	31874999.999999993
0.5613720026694584	32099999.99999998
0.5691736095177118	32327000.0
0.5770836383555289	32558999.999999993
0.5851035959658134	32789999.99999999
0.5932350100718219	33027000.0
0.6014794296281801	33266999.99999999
0.6098384251159437	33506000.0
0.6183135888417592	33753000.0
0.6269065352411836	34001999.99999999
0.6356189011862168	34252000.0
0.6444523462971117	34504000.00000001
0.653408553258514	34760000.00000001
0.6624892281399981	35022000.0
0.6716961007210565	35284000.0
0.6810309248206048	35551000.00000001
0.6904954786310685	35823000.0
0.7000915650571102	36095000.0
0.7098210120590657	36372000.0
0.7196856730011519	36651000.0
0.729687427004516	36934000.0
0.7398281793051876	37220000.0
0.750109861617009	37510000.0
0.7605344324996068	37802000.0
0.7711038777314797	38101999.999999985
0.7818202106882676	38399000.0
0.7926854727262819	38704000.0
0.8037017335713632	39013000.0
0.8148710917131433	39326000.0
0.8261956748047878	39638000.0
0.837677640068292	39958000.0
0.8493191747054114	40283000.0
0.861122496314302	40608000.0
0.8730898533119517	40941000.0
0.8852235253624794	41276000.00000001
0.8975258238113913	41613999.999999985
0.909999092125868	41956000.00000001
0.9226457063411728	42302000.0
0.935468075513262	42655000.0
0.9484686421776884	43011000.00000001
0.961649882814878	43368999.99999999
0.9750143083218772	43732000.0
0.9885644644906518	44102999.99999999
1.0023029324930393	45110999.99999999
1.0162323293724316	45497999.99999999
1.0303553085423007	45890000.0
1.0446745602916458	46282999.99999999
1.0591928122974668	46680000.0
1.0739128301443603	47082000.0
1.0888374178513371	47492000.0
1.1039694184059594	47901000.00000001
1.1193117143059024	48315999.99999999
1.1348672281080416	48735999.99999999
1.150638922985172	49165000.0
1.1666298032904618	49593000.0
1.1828429151297544	50029000.00000001
1.1992813469418195	50467000.0
1.215948230086672	50914000.00000001
1.232846739442066	51360000.000000015
1.249980094008274	51818000.000000015
1.26735155752128	52273999.99999999
1.2849644390744854	52739000.0
1.3028220937490604	53213000.0
1.320927923253054	53688000.0
1.339285376569386	54167000.0
1.357897950612844	54653000.0
1.3767691908962114	55142000.000000015
1.395902692205654	55639000.0
1.415302099285489	56143000.0
1.4349711075324756	56648000.0
1.4549134636997512	57162000.0
1.4751329666105506	57677000.0
1.4956334678818437	58205000.0
1.5164188726580317	58731999.999999985
1.5374931403548404	59271000.0
1.5588602854135476	59809000.0
1.580524378065695	60357999.999999985
1.6024895451084296	60912000.0
1.624759970690615	61476000.0
1.6473398971098732	62037999.999999985
1.670233625620699	62613000.000000015
1.69344551725381	63191000.0
1.716979993646874	63776000.0
1.7408415378867943	64367999.999999985
1.7650346953636886	64967000.0
1.7895640746367452	65576000.0
1.8144343483121057	66184000.000000015
1.8396502539329511	66807000.0
1.8652165948819592	67430000.00000001
1.8911382412962985	68066000.0
1.9174201309953445	68701000.0
1.944067270421285	69346000.0
1.971084735592796	70005000.0
1.99847767307198	70661000.0
2.026251300944727	71331000.00000003
2.0544109098147136	72006000.0
2.082961863811211	72690000.00000001
2.111909601610898	73385000.00000001
2.141259637473875	74077000.0
2.171017562294079	74786000.0
2.2011890446642908	75503000.0
2.231779831955949	76220999.99999999
2.2627957514139663	76952999.99999999
2.294242711266761	77693000.0
2.326126701851724	78440000.0
2.3584537967563075	79194000.0
2.3912301539749934	79955000.0
2.424462017082328	80733000.0
2.45815571642226	81508000.00000001
2.49231767031401	82297999.99999999
2.526954386274699	83102000.00000001
2.562072462258964	83904000.0
2.5976785879158046	84721000.0
2.633779545862898	85546000.0
2.670382212978616	86377999.99999999
2.7074935617120057	87225000.0
2.7451206614109767	88079000.00000001
2.7832706796689344	88941000.0
2.821950883690142	89810000.0
2.861168641674049	90694000.0
2.9009314242188635	91585000.00000003
2.9412468057446244	92491000.0
2.9821224659360577	93401000.0
3.0235661912054783	94321000.0
3.065585876176027	95260000.0
3.1081895251855167	96202000.0
3.151385253811184	97158000.0
3.195181290415621	98120000.0
3.2395859777142064	99095000.0
3.2846077743643023	100090000.0
3.3302552565765486	101080000.0
3.3765371197485496	102090000.0
3.423462180121258	103110000.0
3.471039376458385	104150000.0
3.519277771749146	105190000.0
3.568186554934671	106240000.0
3.6177750426584088	107310000.0
3.668052681040855	108390000.0
3.719029047478944	109480000.0
3.770713852470456	110590000.0
3.823116941463762	111700000.0
3.8762482967332903	112830000.0
3.930118039281053	113970000.0
3.9847364307645936	115130000.0
4.040113875451737	116290000.0
4.096260922202494	117470000.0
4.153188266478523	118670000.00000003
4.210906752380506	119870000.0
4.269427374713844	121100000.0
4.328761281083059	122340000.0
4.388919774015305	123590000.0
4.449914313113391	124850000.0
4.511756517238715	126130000.0
4.574458166724551	127420000.0
4.6380312056200825	128730000.00000003
4.702487743965627	130050000.00000003
4.767840060099483	131389999.99999997
4.834100602996831	132739999.99999997
4.90128199464114	134110000.00000003
4.969397032428532	135490000.0
5.0384586916055625	136889999.99999997
5.108480127740876	138300000.00000003
5.17947467923121	139740000.0
5.25145586984224	141180000.0
5.324437411284708	142639999.99999997
5.398433205826381	144120000.0
5.473457348940288	145620000.0
5.549524131989779	147139999.99999997
5.626648044950883	148669999.99999997
5.7048437791725055	150220000.0
5.784126230174992	151790000.0
5.864510500487572	153370000.0
5.946011902525248	154980000.00000003
6.028645961505653	156600000.0
6.112428418406469	158239999.99999997
6.197375232963906	159899999.99999997
6.283502586712889	161579999.99999997
6.370826886069483	163270000.00000003
6.4593647654561455	164980000.0
6.549133090470427	166720000.0
6.640148961097703	168470000.0
6.732429714968547	170260000.0
6.825992930661387	172050000.0
6.920856431051047	173870000.0
7.01703828670383	175710000.0
7.114556819319781	177570000.0
7.213430605222809	179450000.0
7.313678478899267	181350000.0
7.415319536585754	183280000.0
7.518373139906759	185220000.0
7.622858919562852	187200000.0
7.728796779070159	189180000.0
7.8362068985517634	191190000.0
7.9451097385818334	193240000.0
8.055526044083168	195300000.0
8.16747684827888	197380000.0
8.280983476699038	199490000.0
8.396067551242973	201630000.0
8.512750994298015	203779999.99999994
8.631056032915513	205970000.0
8.751005203044864	208180000.0
8.872621353826393	210420000.0
8.995927651943882	212680000.0
9.120947586037609	214970000.00000006
9.24770497117869	217280000.0
9.376223953405626	219620000.0
9.506529014323885	221990000.0
9.6386449757694	224379999.99999994
9.772597004536893	226810000.0
9.908410617173914	229259999.99999994
10.04611168484146	231740000.0
10.185726438242204	234249999.99999994
10.327281472617187	236800000.00000006
10.470803752811932	239370000.0
10.616320618412995	241980000.0
10.76385978895591	244600000.0
10.913449369205434	247270000.0
11.065117854509277	249969999.99999994
11.218894136226163	252690000.00000006
11.374807507229368	255450000.0
11.532887667486696	258240000.0
11.693164729718069	261060000.0
11.855669225131672	263920000.0
12.020432109239872	266810000.0
12.187484767755924	269740000.0
12.356859022572646	272700000.0
12.528587137824182	275690000.0
12.702701826031996	278720000.00000006
12.8792362543363	281800000.0
13.058224050814044	284889999.9999999
13.239699310884763	288020000.0
13.4236966038054	291200000.0
13.610250979255415	294410000.00000006
13.799397974013417	297659999.99999994
13.991173618726553	300950000.0
14.185614444774004	304279999.99999994
14.382757491225853	307640000.00000006
14.582640311898652	311060000.0
14.785300982509106	314510000.0
14.990778107927047	318010000.00000006
15.199110829529332	321530000.00000006
15.41033883265588	325099999.99999994
15.62450235416934	328720000.0
15.841642190119824	332380000.0000001
16.061799703516147	336080000.0
16.285016832205066	339820000.0
16.51133609686007	343620000.0
16.74080060908108	347450000.0
16.973454079606856	351330000.0
17.20934082664142	355260000.0
17.448505784296263	359229999.9999999
17.690994511149835	363260000.0
17.93685319892602	367330000.0
18.1861286812932	371450000.0
18.438868442785616	375620000.0
18.695120627848688	379830000.0
18.95493405001009	384100000.0
19.218358201178212	388440000.0
19.48544326106992	392810000.0
19.756240106769276	397230000.0
20.03080032241912	401720000.0
20.309176209047347	406250000.0
20.591420794529792	410840000.0
20.877587843691423	415480000.0
21.16773186854808	420180000.0000001
21.461908138690458	424930000.0
21.760172691812436	429750000.0000001
22.062582344385692	434610000.0
22.369194702482687	439550000.0
22.680068172750076	444530000.0
22.99526197353456	449590000.0
23.314836146163444	454690000.0
23.63885156638189	459870000.0
23.96736995594918	465100000.0
24.300453894396068	470400000.0
24.63816683094559	475760000.0
24.980573096599525	481180000.0
25.327737916392792	486650000.0
25.67972742181821	492220000.0
26.036608663423888	497830000.0
26.39844962358568	503520000.0
26.765319229457187	509280000.0
27.137287366099685	515080000.0000001
27.51442488979455	520970000.0
27.896803641540664	526939999.9999999
28.28449646073951	532950000.0000001
28.67757719907024	539060000.0000001
29.076120734557744	545220000.0
29.480202985836204	551459999.9999999
29.889900926610828	557770000.0
30.305292600320588	564160000.0000001
30.726457135004733	570620000.0
31.153474758375893	577140000.0
31.586426813102687	583759999.9999998
32.025395772304705	590439999.9999999
32.470465255262795	597210000.0
32.921720043347754	604040000.0
33.37924609617034	610959999.9999999
33.84313056795572	617940000.0000001
34.313461824145506	625010000.0
34.7903294582305	632169999.9999999
35.27382430881738	639390000.0
35.76403847693256	646710000.0
36.261065343566536	654070000.0000001
36.76499958746203	661540000.0
37.27593720314942	669089999.9999998
37.79397551923265	676720000.0
38.319213216929455	684430000.0
38.85175034886924	692200000.0
39.39168835815191	700070000.0
39.93913009767197	708030000.0
40.49417984971091	716070000.0
41.05694334580199	724170000.0
41.62752778687104	732370000.0
42.2060418636572	740650000.0
42.79259577741742	749020000.0
43.38730126091873	757460000.0
43.99027159972227	765970000.0
44.60162165376301	774600000.0
45.221467879229465	783280000.0
45.849928350747504	792050000.0
46.48712278387235	800910000.0
47.133172557893246	809860000.0000002
47.788200738955005	818870000.0000002
48.452332103500936	827970000.0
49.12569316204147	837160000.0000002
49.808412183253246	846420000.0
50.500619218412965	855759999.9999998
51.20244612617096	865200000.0
51.91402659766889	874690000.0
52.63549618200659	884270000.0000002
53.36699231206307	893930000.0
54.108654330675776	903660000.0
54.86062351718424	913470000.0
55.623043114342416	923350000.0
56.396058355604936	933310000.0
57.17981649279272	943320000.0
57.974466824143	953410000.0
58.78016072274912	963570000.0
59.59705166539568	973800000.0
60.425295261794346	984090000.0
61.26504928422594	994460000.0
62.11647369759455	1004900000.0
62.97973068989927	1015400000.0
63.85498470312941	1026000000.0
64.74240246458908	1036600000.0
65.6421530186571	1047300000.0
66.55440775898835	1058000000.0
67.47934046116251	1068800000.0
68.41712731578664	1079700000.0
69.36794696205774	1090600000.0
70.3319805217918	1101600000.0
71.3094116339257	1112600000.0
72.30042648949863	1123600000.0
73.30521386711963	1134700000.0
74.32396516892823	1145900000.0
75.35687445705439	1157100000.0
76.40413849058565	1168300000.0
77.46595676304773	1179600000.0
78.54253154040612	1190900000.0
79.63406789959573	1202200000.0
80.74077376758606	1213500000.0
81.86285996098925	1224900000.0
83.00054022621849	1236400000.0
84.15403128020483	1247800000.0
85.32355285167937	1259300000.0
86.50932772302957	1270700000.0
87.71158177273712	1282200000.0
88.93054401840554	1293700000.0
90.16644666038574	1305200000.0
91.41952512600804	1316700000.0
92.69001811442858	1328200000.0
93.97816764209938	1339699999.9999995
95.28421908886992	1351300000.0
96.60842124472968	1362800000.0
97.95102635720026	1374300000.0
99.3122901793858	1385800000.0
100.69247201869172	1397300000.0000005
102.09183478622032	1408800000.0
103.5106450468523	1420300000.0
104.94917307002513	1431700000.0
106.4076928812166	1443200000.0
107.88648231414416	1454600000.0
109.38582306368916	1466000000.0
110.90600073955736	1477400000.0
112.44730492068447	1488900000.0
114.01002921039832	1500300000.0
115.59447129234724	1511900000.0
117.20093298720596	1523300000.0
118.82972031016952	1534800000.0000005
120.48114352924613	1546300000.0
122.15551722436012	1557600000.0
123.85316034727634	1568800000.0
125.57439628235753	1579900000.0
127.31955290816556	1591000000.0
129.0889626599194	1601900000.0
130.88296259282052	1612800000.0
132.7018944462587	1623699999.9999995
134.54610470891004	1634500000.0
136.41594468473963	1645199999.9999995
138.3117705599214	1655800000.0
140.2339434706886	1666400000.0
142.18282957212585	1676900000.0
144.15880010791886	1687400000.0
146.16223148107227	1697800000.0000005
148.19350532561091	1708100000.0
150.25300857927735	1718300000.0
152.3411335572396	1728400000.0
154.45827802682348	1738400000.0
156.60484528328325	1748300000.0
158.78124422662555	1758100000.0
160.98788943950063	1767800000.0000005
163.22520126617647	1777500000.0000005
165.4936058926102	1786999999.9999995
167.79353542763224	1796400000.0
170.1254279852589	1805600000.0
172.4897277681488	1814800000.0
174.886885152219	1823800000.0
177.31735677243742	1832700000.0000007
179.78160560980703	1841400000.0
182.28010107955944	1850100000.0
184.81331912057385	1858600000.0
187.38174228603847	1866900000.0
189.9858598353725	1875100000.0
192.62616782742552	1883100000.0
195.30316921497095	1891000000.0
198.0173739405142	1898600000.0
200.76929903343185	1906100000.0
203.55946870846023	1913300000.0
206.3884144655536	1920400000.0
209.25667519112943	1927200000.0
212.16479726072103	1933800000.0
215.11333464305673	1940000000.0
218.10284900558557	1945900000.0
221.13390982146933	1951500000.0
224.2070944780616	1956900000.0000005
227.32298838689448	1962000000.0
230.4821850951936	1967000000.0
233.68528639894328	1971600000.0
236.93290245752243	1976100000.0
240.22565190993427	1980400000.0
243.56416199265075	1984300000.0
246.949068659095	1988000000.0
250.38101670078424	1991400000.0
253.86065987015635	1994500000.0
257.3886610051031	1997400000.0
260.96569215523436	2000100000.0
264.5924347098967	2002400000.0
268.26957952797244	2004400000.0
271.9978270694799	2006100000.0
275.77788752900517	2007600000.0
279.61048097098706	2008800000.0
283.49633746688204	2009800000.0
287.4361972342362	2010500000.0
291.4308107776889	2010700000.0
295.48093903193677	2010900000.0
299.58735350668445	2010600000.0
303.7508364336093	2010100000.0
307.9721809153691	2009200000.0
312.2521910766804	2008200000.0
316.59168221749593	2006700000.0
320.99148096831186	2005100000.0
325.4524254476324	2003100000.0
329.9753654216232	2000900000.0
334.5611624659836	1998300000.0
339.2106901300684	1995400000.0
343.9248341032899	1992200000.0
348.704492383834	1988800000.0
353.55057544971913	1985100000.0
358.464006432234	1981100000.0
363.44572129178414	1976800000.0
368.49666899618546	1972300000.0
373.61781170143007	1967500000.0
378.81012493496985	1962400000.0
384.07459778154424	1956900000.0000005
389.41223307159106	1951400000.0
394.8240475722758	1945500000.0
400.31107218117614	1939300000.0
405.87435212265785	1932900000.0
411.51494714697907	1926200000.0
417.2339317321632	1919300000.0
423.0323952886759	1912100000.0
428.91144236694726	1904700000.0
434.8721928677779	1896900000.0
440.91578225566894	1889000000.0
447.043361775117	1881000000.0
453.2560986699147	1872500000.0
459.5551764054996	1863800000.0
465.94179489439233	1855000000.0
472.4171707247685	1846000000.0
478.9825373922063	1836800000.0
485.63914553465617	1827300000.0
492.3882631706742	1817500000.0
499.23117594096703	1807600000.0
506.1691873532961	1797400000.0
513.2036190307796	1787100000.0
520.335810963651	1776600000.0
527.5671217645138	1765900000.0
534.898928927143	1755100000.0
542.3326290888851	1744100000.0
549.8696382967037	1732900000.0
557.5113922769216	1721400000.0
565.259346708714	1709800000.0
573.1149775014	1698199999.9999995
581.0797810755895	1686300000.0
589.1552746482361	1674300000.0
597.3429965216526	1661999999.9999995
605.6445063765423	1649700000.0
614.0613855691023	1637400000.0
622.5952374322576	1624700000.0
631.247687581079	1612100000.0
640.0203842224477	1599200000.0
648.914998469022	1586200000.0
657.9332246575682	1573100000.0
667.0767806717151	1560100000.0
676.3474082691938	1546700000.0
685.746873413625	1533500000.0
695.2769666109202	1520000000.0
704.9395032503518	1506500000.0
714.7363239503692	1492700000.0
724.6692949092184	1479100000.0
734.7403082604341	1465199999.9999995
744.9512824332727	1451500000.0
755.304162518154	1437500000.0
765.8009206371829	1423500000.0
776.4435563198173	1409400000.0
787.2340968837608	1395200000.0
798.1745978211461	1381100000.0
809.2671431900856	1366800000.0
820.5138460116652	1352400000.0
831.9168486724528	1338100000.0
843.4783233326026	1323900000.0
855.2004723396304	1309500000.0
867.0855286479392	1295200000.0
879.1357562441744	1280900000.0
891.3534505784918	1266400000.0
903.7409390018184	1252000000.0
916.3005812091892	1237700000.0
929.034769689247	1223100000.0
941.9459301799866	1208700000.0
955.0365221308344	1194300000.0
968.3090391711532	1179900000.0
981.7660095852468	1165500000.0
995.4099967939796	1151000000.0
1009.2435998430813	1137000000.0
1023.2694538982352	1122900000.0
1037.4902307470625	1107600000.0
1051.9086393080568	1093600000.0
1066.5274261466222	1079800000.0
1081.3493759982507	1065900000.0
1096.3773122990049	1051900000.0
1111.6140977233351	1037200000.0
1127.0626347294087	1023700000.0
1142.725866111993	1009200000.0
1158.6067755630197	995050000.0
1174.7083882399672	981160000.0
1191.0337713421047	967660000.0
1207.5860346947818	954540000.0
1224.3683313417998	940610000.0
1241.3838581460568	927030000.0
1258.635856398498	912910000.0
1276.1276124355702	899330000.0
1293.8624582652153	886190000.0
1311.843772201608	872670000.0
1330.0749795086672	859750000.0
1348.559553052561	846310000.0
1367.3010139632263	832630000.0
1386.3029323051378	819660000.0
1405.5689277573426	807209999.9999998
1425.1026703029993	793790000.0
1444.9078809284497	781229999.9999998
1464.9883323320532	769260000.0
1485.3478496428268	756360000.0
1505.9903111491162	744140000.0
1526.91964903735	731200000.0
1548.1398501411015	719070000.0
1569.6549567005352	706999999.9999998
1591.4690671324008	695020000.0
1613.5863368107666	683110000.0
1636.0109788585507	670730000.0
1658.747264950105	659190000.0
1681.7995261249032	647280000.0
1705.1721536125835	636310000.0000001
1728.869599669414	624830000.0000001
1752.8963784264247	613100000.0
1777.2570667492832	602280000.0
1801.956305110166	591180000.0000001
1826.9987984716984	579940000.0000001
1852.3893171832303	569600000.0
1878.1326978895113	558570000.0000001
1904.233844452056	547980000.0
1930.6977288832495	537340000.0
1957.5293922934984	527169999.9999999
1984.7339458514812	516980000.0
2012.3165717578083	506830000.0
2040.2825242321476	497170000.0
2068.6371305141342	487130000.0
2097.385791878125	477630000.0
2126.533984662116	467900000.0
2156.0872613109227	458650000.0
2186.051251433847	449160000.0
2216.4316628771	439879999.9999999
2247.234282811048	430819999.9999999
2278.464978832654	421980000.0
2310.1297000831582	413020000.0
2342.234478381366	404340000.0
2374.7854293726177	395600000.0
2407.7887536937924	387190000.0
2441.250738154433	379100000.0
2475.177756934358	371000000.0
2509.5762727978445	362930000.0
2544.4528383247575	354920000.0
2579.8140971587136	347000000.0
2615.6667852726714	339470000.0
2652.017732252025	331780000.0
2688.8738625956166	324500000.0
2726.242197034743	317110000.0
2764.1298538705773	309890000.0
2802.5440503300947	302850000.00000006
2841.4921039409246	295790000.00000006
2880.9814339252257	288950000.0
2921.019562613013	282330000.00000006
2961.614116875072	275729999.99999994
3002.7728295757834	269190000.0
3044.503541046201	262920000.0
3086.8142005775094	256700000.0
3129.712867935336	250580000.0
3173.2077148950025	244570000.0
3217.307026798226	238689999.99999994
3262.0192041313385	232940000.00000006
3307.352764125552	227339999.99999994
3353.316342379352	221710000.0
3399.9186945035517	216260000.0
3447.168697789092	210850000.0
3495.075352898135	205640000.0
3543.647785578547	200610000.0
3592.895248402318	195520000.0
3642.8271225280314	190640000.0
3693.4529194879383	185850000.0
3744.7822829997554	181040000.0
3796.824990803753	176470000.0
3849.590956525264	171910000.0
3903.090231563189	167490000.0
3957.333007004632	163199999.99999997
4012.3296155662606	158949999.99999997
4068.090533562524	154770000.00000003
4124.626382901348	150749999.99999994
4181.947933107477	146710000.0
4240.06610337394	142850000.00000003
4298.991964642105	139080000.00000003
4358.736741710519	135329999.99999997
4419.311815373194	131770000.00000003
4480.7287245874595	128240000.0
4542.999168672099	124760000.0
4606.1350095358775	121340000.0
4670.148273937197	118040000.0
4735.051155774997	114830000.0
4800.856018411652	111690000.0
4867.575397027993	108630000.0
4935.2220010112105	105600000.0
5003.808716375796	102730000.0
5073.348608218278	99837000.0
5143.8549232059095	97056000.0
5215.341092100118	94335000.0
5287.820732314845	91676000.0
5361.307650510617	89134000.0
5435.815845224494	86567000.00000001
5511.359509536735	84090000.0
5587.953033774356	81693000.0
5665.61100825243	79342000.0
5744.348226053355	77084000.0
5824.17968584476	74879000.0
5905.12059473669	72697999.99999999
5987.186371178312	70618000.00000001
6070.392647895075	68537000.00000001
6154.755274866495	66562000.0
6240.290322345519	64597000.000000015
6327.014083919647	62713000.000000015
6414.943079614811	60878000.0
6504.0940590421615	59070000.0
6594.484004588822	57322000.000000015
6686.130134652754	55636000.0
6779.049906922799	53987000.0
6873.261021704094	52380000.0
6968.78142528991	50796000.00000001
7065.629313380139	49283999.99999999
7163.823134547507	47801000.00000001
7263.381593751728	46353000.0
7364.323655902736	44960000.0
7466.6685494731955	43588000.0
7570.435770161459	42276000.00000001
7675.645084605176	40990000.0
7782.316534146763	39734000.0
7890.470438651028	38510000.0
8000.127400375863	37338000.0
8111.308307896872	36186000.0
8224.034340086333	35061000.0
8338.326970147675	33988999.99999999
8454.207969705787	32932999.999999993
8571.69941295444	31909000.0
8690.823680861058	30907000.0
8811.603465430217	29952000.0
8934.061774026108	29012000.0
9058.221933755356	28098000.0
9184.107595910458	27213999.999999993
9311.742740475276	26361000.0
9441.151680692832	25531000.0
9572.359067696898	24725000.0
9705.38989520764	23944000.0
9840.269504292832	23181999.999999996
9977.023588194928	22441000.0
10115.67819722552	21745000.0
10256.25974372752	21021999.999999996
10398.795007106608	20385000.0
10543.311138932282	19699999.99999999
10689.835668110109	19099000.0
10838.396506125651	18457999.999999993
10989.021952361272	17844000.0
11141.740699487029	17305000.0
11296.58183892618	16736999.999999996
11453.574866396988	16194000.0
11612.749687531192	15675999.99999999
11774.13662357091	15139000.0
11937.766417144356	14672000.0
12103.670238122208	14189000.0
12271.879689554951	13694000.0
12442.42681369316	13266000.0
12615.344098091024	12828000.0
12790.664481795127	12416999.999999994
12968.42136161878	12000000.0
13148.64859850402	11612000.0
13331.380523971564	11220000.0
13516.65194666084	10857000.0
13704.498158960476	10493000.0
13894.954943731387	10131000.0
14088.058581122812	9796600.0
14283.84585548357	9465800.0
14482.354062368882	9161700.0
14683.62101564501	8861800.0
14887.685054692352	8566900.0
15094.585051708607	8278000.0
15304.360419113784	7996299.999999989
15517.051117057608	7722599.999999992
15732.69766103181	7474000.0
15951.341129587669	7216499.99999999
16173.023172161324	6968300.0
16397.78601700733	6730100.0
16625.67247924299	6515200.0
16856.725969003943	6295499.999999999
17090.99049971364	6072700.0
17328.510696467205	5873099.999999999
17569.33180453234	5671599.99999999
17813.499697967836	5480599.999999999
18061.060888362415	5289299.999999999
18312.06253369443	5109200.0
18566.5524473153	4939699.99999999
18824.579107057205	4771100.000000001
19086.191664467897	4604600.0
19351.43995417332	4449000.0
19620.374503370906	4295999.999999999
19893.04654145421	4146100.0
20169.508009771867	4007100.0
20449.81157152182	3864400.0
20734.01062178298	3732700.0
21022.15929768679	3605100.0
21314.31248872947	3481700.0
21610.525847228237	3362700.0
21910.85579892224	3242799.9999999995
22215.35955372141	3133300.0000000005
22524.095116604058	3023500.0000000005
22837.121298666603	2918800.0
23154.497728326143	2819200.0
23476.284862679473	2720399.9999999995
23802.54399901916	2626900.0
24133.33728651048	2534700.0
24468.727738029847	2444099.99999999
24808.7792421685	2359200.0
25153.55657540231	2276100.0
25503.125414431415	2198499.9999999893
25857.552348690613	2119900.0
26216.904893034392	2046800.0
26581.25150059745	1976199.9999999995
26950.661575834725	1905400.0
27325.205487741892	1839900.0
27704.954583260303	1774800.0
28089.981200867736	1712500.0
28480.35868435799	1653200.0000000005
28876.161396812553	1594599.9999999998
29277.46473476558	1537099.9999999998
29684.345142566675	1484000.0
30096.880126942287	1430899.9999999902
30515.148271760496	1380900.0
30939.22925299995	1332200.0
31369.203853927873	1285199.9999999998
31805.153980487972	1239700.0
32247.162676903234	1195800.0
32695.31414149451	1153699.99999999
33149.693742719995	1112000.0000000002
33610.38803543657	1072300.0
34077.484777388156	1034399.99999999
34551.072945922184	998299.99999999
35031.24275493945	963039.99999999
35518.08567207842	928659.99999999
36011.6944361395	895269.9999999999
36512.16307475026	863840.0
37019.58692227738	832590.0
37534.06263798633	803320.0000000001
38055.688224454505	774390.0
38584.56304623955	746690.0000000001
39120.78784880712	720200.0
39664.4647777224	694269.99999999
40215.69739810723	669620.0000000001
40774.590714368904	645620.0
41341.25119020179	622340.0
41915.78676886829	600359.99999999
42498.30689376034	578620.0
43088.92252924794	558200.0
43687.74618181609	538110.0
44294.891921496885	518880.0
44910.475403598066	500089.99999999994
45534.61389073484	482189.9999999999
46167.42627516664	464809.9999999999
46809.03310144558	447960.00000000006
47459.55658937835	432039.99999999994
48119.12065730856	416360.00000000006
48787.85094572127	401620.0
49465.87484117702	386870.0
50153.32150057691	373059.99999999
50850.32187576659	359620.0
51557.0087384804	346580.0
52273.51670563398	334200.0
52999.982264966595	322030.0
53736.54380104148	310530.0
54483.34162160639	299270.0
55240.51798432056	288500.0
56008.217123854134	278020.0
56786.58527936256	268030.0
57575.770722344656	258190.0
58375.92378488591	248879.99999999002
59187.19688829625	239919.99999999
60009.744572143805	231160.0
60843.72352369419	222790.0
61689.2926077569	214789.99999999988
62546.61289694847	206919.99999999997
63415.84770237424	199449.99999999
64297.16260473853	192250.0
65190.72548588514	185220.0
66096.70656077818	178499.99999999997
67015.27840992535	172080.00000000003
67946.61601225386	165760.0
68890.89677844117	159770.0
69848.30058471099	153909.99999999002
70819.00980709694	148370.0
71803.20935618442	142990.0
72801.08671233321	137779.9999999999
73812.83196139157	132740.0
74838.63783090533	127899.99999999991
75878.69972683015	123239.99999999
76933.21577075552	118730.0
78002.38683764367	114409.9999999899
79086.41659409564	110250.0
80185.5115371464	106229.99999999988
81299.88103360187	102370.0
82429.73735991989	98631.0
83575.29574264813	95013.99999999
84736.77439942134	91566.0
85914.39458053098	88208.0
87108.38061106988	84986.0
88318.95993366533	81867.0
89546.36315180332	78889.99999998999
90790.8240737576	75988.0
92052.5797571265	73233.99999999
93331.8705539914	70536.0
94628.94015670012	67958.0
95944.03564428938	65474.9999999999
97277.40752954928	63089.0
98629.30980674532	60776.0
100000.0	58556.99999999999
